[gd_scene load_steps=3 format=3 uid="uid://hyeotxo58imo"]

[ext_resource type="PackedScene" uid="uid://b3umo383v0otl" path="res://Assets/Pirate/Tank.glb" id="1_08cpg"]
[ext_resource type="Script" uid="uid://cc3mpn6y6ykrx" path="res://MainMenu/PreviewAutoPlay.cs" id="2_prev"]

[node name="PiratePreview" type="Node3D"]
transform = Transform3D(1.3, 0, 0, 0, 0.014361998, 1.2999206, 0, -1.2999206, 0.014361998, -6.4368033, 0, 1.7112684)
script = ExtResource("2_prev")

[node name="Camera3D" type="Camera3D" parent="."]
transform = Transform3D(0.7692308, 0, 0, 0, 0.7692308, 0, 0, 0, 0.7692308, -0.1428318, 0.88324565, 0.27540028)
fov = 90.0

[node name="DirectionalLight3D" type="DirectionalLight3D" parent="."]
visible = false

[node name="Tank" parent="." instance=ExtResource("1_08cpg")]
transform = Transform3D(0.049927358, 0, -0.29581624, 0, 0.3, 0, 0.29581624, 0, 0.049927358, -0.1012516, -0.4042873, -1.1893998)

[node name="Skeleton3D" parent="Tank/Pirate" index="0"]
bones/1/rotation = Quaternion(0.004716824, 1.1920788e-07, 5.6228866e-10, 0.999989)
bones/2/rotation = Quaternion(-0.004716824, 6.039759e-14, -1.1245777e-09, 0.999989)
bones/3/rotation = Quaternion(0.75356793, 0.25258574, -0.44727576, 0.4102197)
bones/4/rotation = Quaternion(-0.072007, 0.117858306, -0.4935007, 0.8587092)
bones/5/position = Vector3(0.13509482, 0.46655115, -0.20372719)
bones/5/rotation = Quaternion(-0.20746219, 0.93601924, -0.1859897, 0.21502388)
bones/6/rotation = Quaternion(0.5878261, 0.3833706, 0.5255154, -0.48095855)
bones/7/rotation = Quaternion(-0.46828234, -0.8735257, -0.116410844, 0.06413382)
bones/8/rotation = Quaternion(-0.58382803, 0.39527088, 0.5872311, 0.39757466)
bones/9/position = Vector3(1.785013e-14, -0.50500417, 0.48439264)
bones/9/rotation = Quaternion(-4.3303186e-07, -0.020819824, 0.9997833, 9.0176e-09)
bones/10/position = Vector3(-1.0755661e-16, -0.50500417, -0.48439267)
bones/10/rotation = Quaternion(0.9999036, -1.1255318e-16, -1.125578e-16, 0.0138848685)

[node name="Hat_2" parent="Tank/Pirate/Skeleton3D" index="0"]
transform = Transform3D(1, 0, 2.3841847e-07, 3.1427633e-16, 0.9999998, 0, -2.3841852e-07, 0, 0.9999998, 2.0851161e-10, 2.9454708, 0.010306214)

[node name="Head_2" parent="Tank/Pirate/Skeleton3D" index="1"]
transform = Transform3D(1, 2.2204459e-16, 2.3841837e-07, 2.2491295e-09, 0.9999554, -0.0094335405, -2.3840778e-07, 0.0094335405, 0.9999554, 0, 1.8530124, 0)

[node name="Blunderbuss" parent="Tank/Pirate/Skeleton3D" index="2"]
transform = Transform3D(-0.017518431, 0.9906848, -0.13504317, -0.18693408, 0.12943703, 0.97380793, 0.98221624, 0.042303905, 0.18292525, 1.7814761, 1.1000642, 0.4921108)

[node name="RightHand" parent="Tank/Pirate/Skeleton3D" index="3"]
transform = Transform3D(-0.35591042, 0.88004166, -0.31441152, 0.5807795, -0.055285797, -0.81218165, -0.73213613, -0.47166747, -0.49143338, 1.3549192, 0.881934, 0.7109572)

[node name="LeftHand" parent="Tank/Pirate/Skeleton3D" index="4"]
transform = Transform3D(0.7380327, 0.6746723, 0.01118806, 0.048886582, -0.036925912, -0.99812174, -0.67299175, 0.7371932, -0.06023491, 1.7328988, 1.4118888, -0.29450125)

[node name="Sword_2" parent="Tank/Pirate/Skeleton3D" index="5"]
transform = Transform3D(-0.002158642, -0.9284768, -0.37138447, 0.005395979, -0.37139085, 0.92846096, -0.9999832, 2.6822093e-07, 0.005811751, 0.6699036, 0.535923, -0.60806644)

[node name="RightLeg" parent="Tank/Pirate/Skeleton3D" index="6"]
transform = Transform3D(-0.9999999, 3.5527145e-15, -8.6625204e-07, 3.606258e-08, -0.9991332, -0.041630648, -8.655004e-07, -0.04163063, 0.99913377, 1.785013e-14, -0.50500417, 0.48439264)

[node name="LeftLeg" parent="Tank/Pirate/Skeleton3D" index="7"]
transform = Transform3D(1, -2.2195895e-16, -2.282195e-16, -2.2821037e-16, -0.9996144, -0.027767064, -2.2196832e-16, 0.027767058, -0.9996146, -1.0755661e-16, -0.50500417, -0.48439267)

[editable path="Tank"]
